 ######################### MCellA_Grow #####################
 -----------------------------------------------------------------------
 -->FindWtLimit: content, <Wt>,  WtLimit=   1000000.  0.389693279  1.13
 -->FindWtLimit: EFFICIENCY <Wt>/WtLimit=   0.344861309
================================================== ACTIVE CELLS ==================================================
 iCell Stat Pare Dau1 Dau2 Side     <w>    Sig/<w>      Drive    VolTrue  
   20    1    9   -1   -1    1    0.43011    1.66903    0.71787
      HypCubs Posit&Size:  0.00000    0.794922    0.625000    0.512695E-01
   30    1   28   -1   -1    1    1.03915    0.63933    0.66437
      HypCubs Posit&Size: 0.546875    0.125000    0.195312E-010.136719    
   37    1   23   -1   -1    1    0.26646    0.53029    0.14130
      HypCubs Posit&Size: 0.625000     0.00000    0.375000    0.125000    
   40    1   24   -1   -1    1    0.15268    3.62460    0.55341
      HypCubs Posit&Size: 0.117188    0.125000    0.307617    0.683594E-01
   46    1   18   -1   -1    1    1.59836    0.37631    0.60149
      HypCubs Posit&Size:  0.00000    0.125000    0.292969E-010.683594E-01
   49    1   42   -1   -1    1    0.18081    2.61251    0.47237
      HypCubs Posit&Size: 0.292969E-010.193359    0.878906E-010.418701    
   50    1   44   -1   -1    0    2.03509    0.53695    1.09274
      HypCubs Posit&Size: 0.468750    0.125000    0.488281E-010.683594E-01
   51    1   44   -1   -1    0    1.22764    0.43895    0.53887
      HypCubs Posit&Size: 0.517578    0.125000    0.292969E-010.683594E-01
   56    1   41   -1   -1    0    0.76393    0.41375    0.31608
      HypCubs Posit&Size: 0.424805    0.125000    0.439453E-010.341797E-01
   57    1   41   -1   -1    0    0.58191    0.18394    0.10704
      HypCubs Posit&Size: 0.424805    0.159180    0.439453E-010.341797E-01
   60    1   31   -1   -1    1    0.34731    0.49255    0.17107
      HypCubs Posit&Size: 0.566406    0.125000    0.585938E-010.683594E-01
   62    1   17   -1   -1    1    0.47542    5.96447    2.83565
      HypCubs Posit&Size:  0.00000    0.748779    0.390625    0.461426E-01
   64    1   59   -1   -1    0    1.56935    1.42689    2.23929
      HypCubs Posit&Size: 0.595703    0.261719    0.292969E-010.256348    
   65    1   59   -1   -1    0    0.23715    1.12137    0.26593
      HypCubs Posit&Size: 0.595703    0.518066    0.292969E-010.153809    
   66    1   35   -1   -1    0    0.29670    1.69204    0.50203
      HypCubs Posit&Size: 0.468750    0.671875    0.585938E-010.769043E-01
   67    1   35   -1   -1    0    0.28017    0.61181    0.17141
      HypCubs Posit&Size: 0.527344    0.671875    0.976562E-010.769043E-01
   68    1   61   -1   -1    0    1.22455    0.32958    0.40358
      HypCubs Posit&Size: 0.566406    0.193359    0.219727E-010.683594E-01
   69    1   61   -1   -1    0    0.40482    0.54243    0.21959
      HypCubs Posit&Size: 0.588379    0.193359    0.366211E-010.683594E-01
   71    1   38   -1   -1    1    0.52048    1.97989    1.03050
      HypCubs Posit&Size: 0.125000     0.00000    0.375000    0.312500E-01
   75    1   55   -1   -1    1    0.51488    3.54090    1.82314
      HypCubs Posit&Size: 0.187500    0.898438E-010.312500    0.351562E-01
   80    1   77   -1   -1    1    2.19198    0.76584    1.67871
      HypCubs Posit&Size: 0.546875    0.466797    0.488281E-010.102539    
   82    1   32   -1   -1    0    0.34437    1.54858    0.53328
      HypCubs Posit&Size: 0.117188    0.193359    0.263672    0.418701    
   83    1   32   -1   -1    0    0.18357    2.47325    0.45401
      HypCubs Posit&Size: 0.380859    0.193359    0.878906E-010.418701    
   84    1   36   -1   -1    1    0.46417    0.19658    0.09125
      HypCubs Posit&Size: 0.500000     0.00000    0.125000    0.625000E-01
   86    1   48   -1   -1    1    0.56308    0.18106    0.10195
      HypCubs Posit&Size:  0.00000    0.193359    0.292969E-010.523376E-01
   88    1   78   -1   -1    0    0.31214    0.80193    0.25031
      HypCubs Posit&Size: 0.468750    0.193359    0.488281E-010.598145E-01
   89    1   78   -1   -1    0    1.58417    0.33102    0.52440
      HypCubs Posit&Size: 0.517578    0.193359    0.292969E-010.598145E-01
   90    1   33   -1   -1    0    0.43822    0.80860    0.35434
      HypCubs Posit&Size: 0.117188    0.612061    0.263672    0.598145E-01
   91    1   33   -1   -1    0    0.24151    2.06180    0.49795
      HypCubs Posit&Size: 0.380859    0.612061    0.878906E-010.598145E-01
   93    1   76   -1   -1    1    7.74698    0.06987    0.54126
      HypCubs Posit&Size: 0.589600    0.261719    0.610352E-020.205078    
   94    1   53   -1   -1    0    0.39839    1.81518    0.72315
      HypCubs Posit&Size: 0.648438    0.125000    0.703125E-010.546875    
   95    1   53   -1   -1    0    0.44940    0.17349    0.07797
      HypCubs Posit&Size: 0.648438    0.671875    0.703125E-010.328125    
  101    1   96   -1   -1    1    0.22010    3.02941    0.66678
      HypCubs Posit&Size: 0.517578    0.253174    0.292969E-010.314026    
  102    1   47   -1   -1    0    0.69568    0.43242    0.30083
      HypCubs Posit&Size: 0.292969E-010.125000    0.878906E-010.170898E-01
  103    1   47   -1   -1    0    0.24486    1.38272    0.33857
      HypCubs Posit&Size: 0.292969E-010.142090    0.878906E-010.512695E-01
  104    1   21   -1   -1    0    0.58299    0.75926    0.44264
      HypCubs Posit&Size:  0.00000    0.846191    0.625000    0.961304E-01
  105    1   21   -1   -1    0    1.71827    0.06872    0.11808
      HypCubs Posit&Size:  0.00000    0.942322    0.625000    0.576782E-01
  106    1   52   -1   -1    0    0.62020    1.06851    0.66269
      HypCubs Posit&Size: 0.625000    0.125000    0.234375E-010.437500    
  107    1   52   -1   -1    0    0.22646    0.42465    0.09617
      HypCubs Posit&Size: 0.625000    0.562500    0.234375E-010.437500    
  110    1   98   -1   -1    0    0.83252    0.15481    0.12888
      HypCubs Posit&Size:  0.00000    0.612061    0.292969E-010.224304E-01
  111    1   98   -1   -1    0    4.18076    0.10322    0.43152
      HypCubs Posit&Size:  0.00000    0.634491    0.292969E-010.373840E-01
  112    1   74   -1   -1    1    0.79169    1.18450    0.93775
      HypCubs Posit&Size: 0.187500    0.312500E-010.312500    0.146484E-01
  114    1  109   -1   -1    0    0.59832    0.16145    0.09660
      HypCubs Posit&Size: 0.449219    0.748779    0.878906E-010.461426E-01
  115    1  109   -1   -1    0    1.16330    0.03405    0.03961
      HypCubs Posit&Size: 0.537109    0.748779    0.878906E-010.461426E-01
  116    1  100   -1   -1    0    0.76182    0.08832    0.06728
      HypCubs Posit&Size: 0.468750    0.253174    0.488281E-010.392532E-01
  117    1  100   -1   -1    0    0.24656    1.32303    0.32621
      HypCubs Posit&Size: 0.468750    0.292427    0.488281E-010.274773    
  118    1   99   -1   -1    1    0.60336    0.40019    0.24146
      HypCubs Posit&Size: 0.292969E-010.612061    0.219727E-010.598145E-01
  120    1   70   -1   -1    0    0.85508    0.07079    0.06053
      HypCubs Posit&Size:  0.00000     0.00000    0.781250E-010.312500E-01
  121    1   70   -1   -1    0    1.00743    0.07311    0.07365
      HypCubs Posit&Size: 0.781250E-01 0.00000    0.468750E-010.312500E-01
  123    1   73   -1   -1    1    1.42496    2.26815    3.23204
      HypCubs Posit&Size: 0.175781    0.710327    0.292969    0.384521E-01
  124    1  113   -1   -1    0    1.90578    1.73042    3.29781
      HypCubs Posit&Size: 0.187500    0.458984E-010.234375    0.439453E-01
  125    1  113   -1   -1    0    0.27504    1.24875    0.34345
      HypCubs Posit&Size: 0.421875    0.458984E-010.781250E-010.439453E-01
  126    1  119   -1   -1    0    0.61810    0.13517    0.08355
      HypCubs Posit&Size: 0.512695E-010.612061    0.659180E-010.299072E-01
  127    1  119   -1   -1    0    0.43173    0.46752    0.20184
      HypCubs Posit&Size: 0.512695E-010.641968    0.659180E-010.299072E-01
  128    1   92   -1   -1    0    1.57655    0.62259    0.98154
      HypCubs Posit&Size: 0.546875    0.261719    0.427246E-010.769043E-01
  129    1   92   -1   -1    0    0.57685    1.63370    0.94240
      HypCubs Posit&Size: 0.546875    0.338623    0.427246E-010.128174    
  130    1  108   -1   -1    0    1.04487    0.05982    0.06250
      HypCubs Posit&Size: 0.390625    0.748779    0.585938E-010.115356E-01
  131    1  108   -1   -1    0    0.70970    0.13213    0.09377
      HypCubs Posit&Size: 0.390625    0.760315    0.585938E-010.346069E-01
  133    1  122   -1   -1    1    2.67344    0.37432    1.00073
      HypCubs Posit&Size: 0.395508    0.671875    0.732422E-010.384521E-01
  134    1  132   -1   -1    0    0.33220    1.49838    0.49776
      HypCubs Posit&Size: 0.175781    0.671875    0.192261    0.384521E-01
  135    1  132   -1   -1    0    0.66537    0.27364    0.18207
      HypCubs Posit&Size: 0.368042    0.671875    0.274658E-010.384521E-01
  136    1   54   -1   -1    0    0.38410    1.54689    0.59416
      HypCubs Posit&Size:  0.00000    0.312500E-010.187500    0.234375E-01
  137    1   54   -1   -1    0    0.99297    3.22960    3.20688
      HypCubs Posit&Size:  0.00000    0.546875E-010.187500    0.703125E-01
  138    1   87   -1   -1    0    0.53171    0.28830    0.15329
      HypCubs Posit&Size:  0.00000    0.245697    0.292969E-010.274773    
  139    1   87   -1   -1    0    0.32234    0.44444    0.14326
      HypCubs Posit&Size:  0.00000    0.520470    0.292969E-010.915909E-01
  140    1   11   -1   -1    0    0.52482    0.78059    0.40967
      HypCubs Posit&Size: 0.718750    0.125000    0.105469    0.875000    
  141    1   11   -1   -1    0    0.72495    0.33735    0.24456
      HypCubs Posit&Size: 0.824219    0.125000    0.175781    0.875000    
  142    1   72   -1   -1    0    0.53260    1.07659    0.57339
      HypCubs Posit&Size:  0.00000    0.671875    0.439453E-010.769043E-01
  143    1   72   -1   -1    0    1.12110    2.33330    2.61587
      HypCubs Posit&Size: 0.439453E-010.671875    0.131836    0.769043E-01
  144    1   81   -1   -1    0    1.00553    0.45709    0.45962
      HypCubs Posit&Size: 0.546875    0.569336    0.488281E-010.384521E-01
  145    1   81   -1   -1    0    0.27689    0.86553    0.23966
      HypCubs Posit&Size: 0.546875    0.607788    0.488281E-010.640869E-01
  146    1   97   -1   -1    0    1.06074    1.21081    1.28435
      HypCubs Posit&Size: 0.468750    0.567200    0.781250E-010.654221E-01
  147    1   97   -1   -1    0    1.54170    0.58909    0.90820
      HypCubs Posit&Size: 0.468750    0.632622    0.781250E-010.392532E-01
  148    1   85   -1   -1    0    0.40472    0.31255    0.12650
      HypCubs Posit&Size: 0.500000    0.625000E-010.312500E-010.625000E-01
  149    1   85   -1   -1    0    0.35919    0.36935    0.13267
      HypCubs Posit&Size: 0.531250    0.625000E-010.937500E-010.625000E-01
All cells:    149      Active:     75    75
Minimum and Maximum Volume/Tot*nCell=      0.03961     3.29781
Total True Integral in active cells =   1.010859049798      1.010859049798    
Total Driver Integ in active cells  =   1.588167046128      1.588167046128    
True/Drive =      0.63649
1
      8100          WT distribution                                                                 
           nent            sum           bmin           bmax
        1000000    0.00000E+00    0.00000E+00    0.62950E+05
           undf           ovef           sumw           avex
    0.00000E+00    0.00000E+00    0.10000E+07    0.38969E+00
  0.0000   0.000000E+00 0                                                                 I
  0.0250   0.751100E+04 0XXXXXXX                                                          I
  0.0500   0.421170E+05 0XXXXXXXXXXXXXXXXXXXXXXXXXXXXXXXXXXXXXXXXXXXX                     I
  0.0750   0.603420E+05 0XXXXXXXXXXXXXXXXXXXXXXXXXXXXXXXXXXXXXXXXXXXXXXXXXXXXXXXXXXXXXXX  I
  0.1000   0.629500E+05 0XXXXXXXXXXXXXXXXXXXXXXXXXXXXXXXXXXXXXXXXXXXXXXXXXXXXXXXXXXXXXXXXXX
  0.1250   0.622740E+05 0XXXXXXXXXXXXXXXXXXXXXXXXXXXXXXXXXXXXXXXXXXXXXXXXXXXXXXXXXXXXXXXXXI
  0.1500   0.569200E+05 0XXXXXXXXXXXXXXXXXXXXXXXXXXXXXXXXXXXXXXXXXXXXXXXXXXXXXXXXXXX      I
  0.1750   0.516080E+05 0XXXXXXXXXXXXXXXXXXXXXXXXXXXXXXXXXXXXXXXXXXXXXXXXXXXXXX           I
  0.2000   0.470310E+05 0XXXXXXXXXXXXXXXXXXXXXXXXXXXXXXXXXXXXXXXXXXXXXXXXX                I
  0.2250   0.422690E+05 0XXXXXXXXXXXXXXXXXXXXXXXXXXXXXXXXXXXXXXXXXXXX                     I
  0.2500   0.383710E+05 0XXXXXXXXXXXXXXXXXXXXXXXXXXXXXXXXXXXXXXXX                         I
  0.2750   0.351070E+05 0XXXXXXXXXXXXXXXXXXXXXXXXXXXXXXXXXXXX                             I
  0.3000   0.320110E+05 0XXXXXXXXXXXXXXXXXXXXXXXXXXXXXXXXX                                I
  0.3250   0.292170E+05 0XXXXXXXXXXXXXXXXXXXXXXXXXXXXXX                                   I
  0.3500   0.269060E+05 0XXXXXXXXXXXXXXXXXXXXXXXXXXXX                                     I
  0.3750   0.245430E+05 0XXXXXXXXXXXXXXXXXXXXXXXXX                                        I
  0.4000   0.225580E+05 0XXXXXXXXXXXXXXXXXXXXXXX                                          I
  0.4250   0.208780E+05 0XXXXXXXXXXXXXXXXXXXXX                                            I
  0.4500   0.194230E+05 0XXXXXXXXXXXXXXXXXXXX                                             I
  0.4750   0.181370E+05 0XXXXXXXXXXXXXXXXXXX                                              I
  0.5000   0.167940E+05 0XXXXXXXXXXXXXXXXX                                                I
  0.5250   0.160920E+05 0XXXXXXXXXXXXXXXX                                                 I
  0.5500   0.150960E+05 0XXXXXXXXXXXXXXX                                                  I
  0.5750   0.145580E+05 0XXXXXXXXXXXXXXX                                                  I
  0.6000   0.140340E+05 0XXXXXXXXXXXXXX                                                   I
  0.6250   0.132790E+05 0XXXXXXXXXXXXX                                                    I
  0.6500   0.127090E+05 0XXXXXXXXXXXXX                                                    I
  0.6750   0.120420E+05 0XXXXXXXXXXXX                                                     I
  0.7000   0.119740E+05 0XXXXXXXXXXXX                                                     I
  0.7250   0.117020E+05 0XXXXXXXXXXXX                                                     I
  0.7500   0.115640E+05 0XXXXXXXXXXXX                                                     I
  0.7750   0.113910E+05 0XXXXXXXXXXX                                                      I
  0.8000   0.115190E+05 0XXXXXXXXXXXX                                                     I
  0.8250   0.116460E+05 0XXXXXXXXXXXX                                                     I
  0.8500   0.119490E+05 0XXXXXXXXXXXX                                                     I
  0.8750   0.126770E+05 0XXXXXXXXXXXXX                                                    I
  0.9000   0.134850E+05 0XXXXXXXXXXXXXX                                                   I
  0.9250   0.154540E+05 0XXXXXXXXXXXXXXXX                                                 I
  0.9500   0.186640E+05 0XXXXXXXXXXXXXXXXXXX                                              I
  0.9750   0.408830E+05 0XXXXXXXXXXXXXXXXXXXXXXXXXXXXXXXXXXXXXXXXXX                       I
  1.0000   0.207100E+04 0XX                                                               I
  1.0250   0.112000E+03 0                                                                 I
  1.0500   0.740000E+02 0                                                                 I
  1.0750   0.440000E+02 0                                                                 I
  1.1000   0.140000E+02 0                                                                 I
  1.1250   0.000000E+00 0                                                                 I
  1.1500   0.000000E+00 0                                                                 I
  1.1750   0.000000E+00 0                                                                 I
  1.2000   0.000000E+00 0                                                                 I
  1.2250   0.000000E+00 0                                                                 I
  1.2500   0.000000E+00 0                                                                 I
  1.2750   0.000000E+00 0                                                                 I
  1.3000   0.000000E+00 0                                                                 I
  1.3250   0.000000E+00 0                                                                 I
  1.3500   0.000000E+00 0                                                                 I
  1.3750   0.000000E+00 0                                                                 I
  1.4000   0.000000E+00 0                                                                 I
  1.4250   0.000000E+00 0                                                                 I
  1.4500   0.000000E+00 0                                                                 I
  1.4750   0.000000E+00 0                                                                 I
  1.5000   0.000000E+00 0                                                                 I
  1.5250   0.000000E+00 0                                                                 I
  1.5500   0.000000E+00 0                                                                 I
  1.5750   0.000000E+00 0                                                                 I
  1.6000   0.000000E+00 0                                                                 I
  1.6250   0.000000E+00 0                                                                 I
  1.6500   0.000000E+00 0                                                                 I
  1.6750   0.000000E+00 0                                                                 I
  1.7000   0.000000E+00 0                                                                 I
  1.7250   0.000000E+00 0                                                                 I
  1.7500   0.000000E+00 0                                                                 I
  1.7750   0.000000E+00 0                                                                 I
  1.8000   0.000000E+00 0                                                                 I
  1.8250   0.000000E+00 0                                                                 I
  1.8500   0.000000E+00 0                                                                 I
  1.8750   0.000000E+00 0                                                                 I
  1.9000   0.000000E+00 0                                                                 I
  1.9250   0.000000E+00 0                                                                 I
  1.9500   0.000000E+00 0                                                                 I
  1.9750   0.000000E+00 0                                                                 I
