 ######################### FoamA_Grow #####################
 -----------------------------------------------------------------------
 -->FindWtLimit: content, <Wt>,  WtLimit=    1000000.0000000000       0.42085001370098818        1.0900000000000001     
 -->FindWtLimit: EFFICIENCY <Wt>/WtLimit=   0.38610093000090656     
================================================== ACTIVE CELLS ==================================================
 iCell Stat Pare Dau1 Dau2     WtMin      WtMax        <w>  sigma/<w>     Volume      Drive    TrueInt   Ver1  Ver2 ...
   34    1   27   -1   -1    0.00285    0.03168    0.32102   61.77533    0.04120    0.02398    0.00770    7   20   16
   38    1    4   -1   -1    0.00130    0.02093    0.50012   82.73549    0.11719    0.01393    0.00696   22    3    4
   46    1   22   -1   -1    0.00523    0.05282    0.34765   39.91278    0.00961    0.03919    0.01363   26   14    8
   50    1   29   -1   -1    0.00040    0.01994    0.27516  206.11625    0.02441    0.01537    0.00423   28    2   17
   54    1   47   -1   -1    0.00153    0.01981    0.16545  227.80115    0.00360    0.01700    0.00281   30   26    8
   57    1   30   -1   -1    0.00138    0.01603    0.52375  107.37728    0.01373    0.01048    0.00549   18   10   31
   58    1   36   -1   -1    0.00112    0.00474    0.81498  127.13096    0.00334    0.00261    0.00213   21   32   11
   62    1   55   -1   -1    0.00340    0.02576    0.46534   53.58365    0.02208    0.01758    0.00818   34   26   30
   63    1   55   -1   -1    0.00197    0.02224    0.21304  171.23124    0.00315    0.01833    0.00391    9   26   34
   66    1   59   -1   -1    0.00290    0.02904    0.30222   74.11969    0.02044    0.02230    0.00674   21   36   32
   67    1   59   -1   -1    0.00101    0.02059    0.11569  376.65590    0.00292    0.01846    0.00214   21    9   36
   68    1   42   -1   -1    0.00442    0.08874    1.48663    9.50793    0.00858    0.03569    0.05305   37   24    6
   72    1   39   -1   -1    0.00241    0.04207    0.47027   49.30850    0.05273    0.02644    0.01243   39    3   22
   73    1   39   -1   -1    0.00080    0.04292    0.45730   46.89129    0.01758    0.02937    0.01343    5    3   39
   74    1   69   -1   -1    0.00503    0.03697    0.74023   33.95487    0.00358    0.02123    0.01571   40   24   37
   79    1   53   -1   -1    0.01205    0.10353    2.78642    5.02700    0.01001    0.02734    0.07618    9   42   29
   80    1   14   -1   -1    0.00221    0.03564    0.62429   41.73507    0.02197    0.02038    0.01272   10   43    6
   81    1   14   -1   -1    0.00109    0.02121    0.44089  115.81899    0.06592    0.01420    0.00626   10    2   43
   82    1   20   -1   -1    0.00105    0.01100    0.28654  245.99261    0.00200    0.00855    0.00245   13   44    8
   85    1   44   -1   -1    0.00008    0.01733    0.81534   96.37587    0.00183    0.00953    0.00777   25    3   45
   86    1   37   -1   -1    0.00314    0.02289    0.36600   79.18330    0.00401    0.01675    0.00613   46   21   11
   88    1   35   -1   -1    0.00218    0.02649    0.28745  105.81765    0.00343    0.02058    0.00592   47   12   20
   89    1   35   -1   -1    0.00260    0.01421    0.58688   75.72770    0.01030    0.00896    0.00526    7   47   20
   90    1   83   -1   -1    0.00026    0.01235    0.06820 1545.47170    0.00175    0.01157    0.00079   48    9   44
   91    1   83   -1   -1    0.00132    0.00983    0.39903  190.54237    0.01227    0.00703    0.00280   13   48   44
   92    1   25   -1   -1    0.00114    0.02471    0.17786  200.96452    0.00350    0.02098    0.00373   49    9   15
   93    1   25   -1   -1    0.00111    0.00984    0.29072  230.33035    0.01051    0.00763    0.00222   11   49   15
   94    1   61   -1   -1    0.00502    0.02971    0.48177   39.41019    0.00381    0.02005    0.00966   50   27   33
   96    1   52   -1   -1    0.00903    0.03106    1.35443   18.76892    0.00300    0.01318    0.01785   51   29   14
   99    1   56   -1   -1    0.00156    0.02792    0.42746   68.03344    0.00515    0.01956    0.00836   18   31   52
  100    1    6   -1   -1    0.00156    0.01390    0.55057   91.48280    0.14062    0.00897    0.00494   53    2    4
  101    1    6   -1   -1    0.00077    0.02416    0.33700  105.20079    0.04688    0.01807    0.00609    6    2   53
  102    1   24   -1   -1    0.00069    0.01148    0.16437  401.98687    0.01227    0.00986    0.00162   11   54   13
  104    1   65   -1   -1    0.00072    0.01104    0.17505  505.58357    0.00143    0.00939    0.00164   55   12   35
  105    1   65   -1   -1    0.00274    0.01563    0.53794   71.21472    0.01001    0.01016    0.00547   16   55   35
  106    1   78   -1   -1    0.00151    0.01244    2.10046   39.62235    0.00125    0.00397    0.00833   42   56   29
  108    1   84   -1   -1    0.00029    0.02498    0.50935  100.93021    0.00641    0.01612    0.00821   57    3    5
  109    1   84   -1   -1    0.00330    0.05320    0.78998   28.59969    0.00641    0.02917    0.02305   45   57    5
  110    1   51   -1   -1    0.00122    0.00834    0.73846  100.38471    0.00366    0.00480    0.00354   58   28   17
  112    1  103   -1   -1    0.00091    0.00860    0.29549  299.38941    0.01073    0.00664    0.00196   59   15   54
  114    1   49   -1   -1    0.00122    0.03786    0.46050   77.91731    0.00366    0.02589    0.01192   60   17   27
  115    1   49   -1   -1    0.00299    0.11359    1.88252    5.66861    0.01099    0.03940    0.07418    1   60   27
  116    1   87   -1   -1    0.01038    0.07765    1.19285   12.55067    0.00751    0.03541    0.04224   61   21   46
  117    1   87   -1   -1    0.00123    0.04659    0.32285   87.97216    0.00451    0.03522    0.01137    1   61   46
  118    1   70   -1   -1    0.00263    0.04733    1.19293   22.64102    0.00458    0.02158    0.02574   38   62   25
  119    1   70   -1   -1    0.00021    0.00637    0.33226  490.48365    0.00458    0.00478    0.00159   38    3   62
  120    1   75   -1   -1    0.00519    0.04309    0.35602   37.90704    0.00939    0.03178    0.01131   63   40   37
  121    1   75   -1   -1    0.00233    0.01035    0.54296   94.96130    0.00134    0.00671    0.00364   12   40   63
  122    1   71   -1   -1    0.01198    0.07888    2.14632    6.02273    0.00763    0.02507    0.05381    8   64   25
  123    1   71   -1   -1    0.00439    0.07888    0.91639   15.51956    0.00763    0.04114    0.03770    8   38   64
  124    1   77   -1   -1    0.00195    0.03862    0.28459   79.31444    0.00644    0.03006    0.00856   65   18   41
  125    1   77   -1   -1    0.00243    0.02218    1.95646   27.64647    0.00215    0.00750    0.01468   12   65   41
  126    1   95   -1   -1    0.01335    0.07395    1.51334    8.61507    0.00715    0.02942    0.04453   66   50   33
  127    1   95   -1   -1    0.00117    0.04437    0.31642   90.30915    0.00429    0.03369    0.01066    1   66   33
  128    1  113   -1   -1    0.00062    0.00277    0.52660  318.86933    0.00939    0.00181    0.00095   67   59   54
  130    1   60   -1   -1    0.00260    0.04416    0.14078  117.32994    0.00572    0.03871    0.00545   68   27    7
  131    1   60   -1   -1    0.00312    0.02674    0.28999   88.51930    0.00343    0.02073    0.00601   33   27   68
  132    1  129   -1   -1    0.00166    0.04616    0.09057  214.72943    0.04931    0.04233    0.00383   11   69   67
  133    1  129   -1   -1    0.00110    0.01539    0.14604  250.61051    0.01644    0.01343    0.00196   11   59   69
  134    1   76   -1   -1    0.01622    0.07395    1.80991    8.18982    0.00715    0.02632    0.04763   12   70   24
  135    1   76   -1   -1    0.00809    0.07395    1.55846    9.31956    0.00715    0.02890    0.04504   12   41   70
  136    1   40   -1   -1    0.00911    0.04141    2.31932   11.00697    0.00401    0.01248    0.02894   71   23   14
  137    1   40   -1   -1    0.00092    0.01772    0.55166   94.01411    0.00401    0.01142    0.00630   19   23   71
  138    1   98   -1   -1    0.00221    0.01607    1.28966   37.16388    0.00429    0.00680    0.00877   72   31    6
  139    1   98   -1   -1    0.00221    0.03885    1.01789   21.21497    0.00429    0.01903    0.01937   52   72    6
  140    1  111   -1   -1    0.00037    0.00999    1.37786   78.76668    0.00137    0.00419    0.00577    1   73   58
  141    1  111   -1   -1    0.00261    0.05687    0.55646   26.13806    0.00961    0.03542    0.01971    1   28   73
  142    1   41   -1   -1    0.00139    0.01367    0.43360  115.14369    0.00601    0.00954    0.00413   19   74   23
  143    1   41   -1   -1    0.00082    0.00799    0.56559  164.28273    0.01802    0.00511    0.00289   19    3   74
  144    1   64   -1   -1    0.00221    0.04437    1.07486   25.84272    0.00429    0.02138    0.02298   75   35    6
  145    1   64   -1   -1    0.00198    0.01938    0.31989  119.12900    0.00257    0.01468    0.00470   16   35   75
  146    1   97   -1   -1    0.00560    0.04765    0.32980   33.03615    0.00676    0.03584    0.01182    9   76   14
  147    1   97   -1   -1    0.00448    0.01588    0.87593   34.22696    0.00225    0.00847    0.00742    9   51   76
  148    1  107   -1   -1    0.00264    0.01427    1.15190   47.20996    0.00219    0.00653    0.00752   42   77   56
  149    1  107   -1   -1    0.00152    0.01489    0.71570   87.43450    0.00657    0.00854    0.00612   42   19   77
All cells:    149      Active:     75    75
Minimum and Maximum Weight/<Wt>       =      0.01088    15.23155
Total True Integral in active cells   =   1.010730457437      1.010730457437    
Total Driver Integral in active cells =   1.394681549625      1.394681549625    
True/Drive =      0.72470
1
      8100          WT distribution                                                                 
           nent            sum           bmin           bmax
        1000000    0.00000E+00    0.00000E+00    0.48340E+05
           undf           ovef           sumw           avex
    0.00000E+00    0.00000E+00    0.10000E+07    0.42085E+00
  0.0000   0.281500D+04 0XXX                                                              I
  0.0250   0.148970D+05 0XXXXXXXXXXXXXXXXXXXX                                             I
  0.0500   0.369750D+05 0XXXXXXXXXXXXXXXXXXXXXXXXXXXXXXXXXXXXXXXXXXXXXXXXXX               I
  0.0750   0.406900D+05 0XXXXXXXXXXXXXXXXXXXXXXXXXXXXXXXXXXXXXXXXXXXXXXXXXXXXXXX          I
  0.1000   0.449440D+05 0XXXXXXXXXXXXXXXXXXXXXXXXXXXXXXXXXXXXXXXXXXXXXXXXXXXXXXXXXXXXX    I
  0.1250   0.471930D+05 0XXXXXXXXXXXXXXXXXXXXXXXXXXXXXXXXXXXXXXXXXXXXXXXXXXXXXXXXXXXXXXXX I
  0.1500   0.483400D+05 0XXXXXXXXXXXXXXXXXXXXXXXXXXXXXXXXXXXXXXXXXXXXXXXXXXXXXXXXXXXXXXXXXX
  0.1750   0.466470D+05 0XXXXXXXXXXXXXXXXXXXXXXXXXXXXXXXXXXXXXXXXXXXXXXXXXXXXXXXXXXXXXXX  I
  0.2000   0.441040D+05 0XXXXXXXXXXXXXXXXXXXXXXXXXXXXXXXXXXXXXXXXXXXXXXXXXXXXXXXXXXXX     I
  0.2250   0.430100D+05 0XXXXXXXXXXXXXXXXXXXXXXXXXXXXXXXXXXXXXXXXXXXXXXXXXXXXXXXXXX       I
  0.2500   0.399270D+05 0XXXXXXXXXXXXXXXXXXXXXXXXXXXXXXXXXXXXXXXXXXXXXXXXXXXXXX           I
  0.2750   0.367230D+05 0XXXXXXXXXXXXXXXXXXXXXXXXXXXXXXXXXXXXXXXXXXXXXXXXXX               I
  0.3000   0.337070D+05 0XXXXXXXXXXXXXXXXXXXXXXXXXXXXXXXXXXXXXXXXXXXXXX                   I
  0.3250   0.310140D+05 0XXXXXXXXXXXXXXXXXXXXXXXXXXXXXXXXXXXXXXXXXX                       I
  0.3500   0.291910D+05 0XXXXXXXXXXXXXXXXXXXXXXXXXXXXXXXXXXXXXXX                          I
  0.3750   0.271380D+05 0XXXXXXXXXXXXXXXXXXXXXXXXXXXXXXXXXXXXX                            I
  0.4000   0.251350D+05 0XXXXXXXXXXXXXXXXXXXXXXXXXXXXXXXXXX                               I
  0.4250   0.235500D+05 0XXXXXXXXXXXXXXXXXXXXXXXXXXXXXXXX                                 I
  0.4500   0.220910D+05 0XXXXXXXXXXXXXXXXXXXXXXXXXXXXXX                                   I
  0.4750   0.208880D+05 0XXXXXXXXXXXXXXXXXXXXXXXXXXXX                                     I
  0.5000   0.194640D+05 0XXXXXXXXXXXXXXXXXXXXXXXXXX                                       I
  0.5250   0.181260D+05 0XXXXXXXXXXXXXXXXXXXXXXXX                                         I
  0.5500   0.173730D+05 0XXXXXXXXXXXXXXXXXXXXXXX                                          I
  0.5750   0.166840D+05 0XXXXXXXXXXXXXXXXXXXXXX                                           I
  0.6000   0.158160D+05 0XXXXXXXXXXXXXXXXXXXXX                                            I
  0.6250   0.152450D+05 0XXXXXXXXXXXXXXXXXXXX                                             I
  0.6500   0.143990D+05 0XXXXXXXXXXXXXXXXXXX                                              I
  0.6750   0.142380D+05 0XXXXXXXXXXXXXXXXXXX                                              I
  0.7000   0.137300D+05 0XXXXXXXXXXXXXXXXXX                                               I
  0.7250   0.136350D+05 0XXXXXXXXXXXXXXXXXX                                               I
  0.7500   0.134810D+05 0XXXXXXXXXXXXXXXXXX                                               I
  0.7750   0.132550D+05 0XXXXXXXXXXXXXXXXXX                                               I
  0.8000   0.130480D+05 0XXXXXXXXXXXXXXXXX                                                I
  0.8250   0.134830D+05 0XXXXXXXXXXXXXXXXXX                                               I
  0.8500   0.136720D+05 0XXXXXXXXXXXXXXXXXX                                               I
  0.8750   0.147010D+05 0XXXXXXXXXXXXXXXXXXXX                                             I
  0.9000   0.156230D+05 0XXXXXXXXXXXXXXXXXXXXX                                            I
  0.9250   0.169900D+05 0XXXXXXXXXXXXXXXXXXXXXXX                                          I
  0.9500   0.212960D+05 0XXXXXXXXXXXXXXXXXXXXXXXXXXXXX                                    I
  0.9750   0.442080D+05 0XXXXXXXXXXXXXXXXXXXXXXXXXXXXXXXXXXXXXXXXXXXXXXXXXXXXXXXXXXXX     I
  1.0000   0.245000D+04 0XXX                                                              I
  1.0250   0.620000D+02 0                                                                 I
  1.0500   0.360000D+02 0                                                                 I
  1.0750   0.600000D+01 0                                                                 I
  1.1000   0.000000D+00 0                                                                 I
  1.1250   0.000000D+00 0                                                                 I
  1.1500   0.000000D+00 0                                                                 I
  1.1750   0.000000D+00 0                                                                 I
  1.2000   0.000000D+00 0                                                                 I
  1.2250   0.000000D+00 0                                                                 I
  1.2500   0.000000D+00 0                                                                 I
  1.2750   0.000000D+00 0                                                                 I
  1.3000   0.000000D+00 0                                                                 I
  1.3250   0.000000D+00 0                                                                 I
  1.3500   0.000000D+00 0                                                                 I
  1.3750   0.000000D+00 0                                                                 I
  1.4000   0.000000D+00 0                                                                 I
  1.4250   0.000000D+00 0                                                                 I
  1.4500   0.000000D+00 0                                                                 I
  1.4750   0.000000D+00 0                                                                 I
  1.5000   0.000000D+00 0                                                                 I
  1.5250   0.000000D+00 0                                                                 I
  1.5500   0.000000D+00 0                                                                 I
  1.5750   0.000000D+00 0                                                                 I
  1.6000   0.000000D+00 0                                                                 I
  1.6250   0.000000D+00 0                                                                 I
  1.6500   0.000000D+00 0                                                                 I
  1.6750   0.000000D+00 0                                                                 I
  1.7000   0.000000D+00 0                                                                 I
  1.7250   0.000000D+00 0                                                                 I
  1.7500   0.000000D+00 0                                                                 I
  1.7750   0.000000D+00 0                                                                 I
  1.8000   0.000000D+00 0                                                                 I
  1.8250   0.000000D+00 0                                                                 I
  1.8500   0.000000D+00 0                                                                 I
  1.8750   0.000000D+00 0                                                                 I
  1.9000   0.000000D+00 0                                                                 I
  1.9250   0.000000D+00 0                                                                 I
  1.9500   0.000000D+00 0                                                                 I
  1.9750   0.000000D+00 0                                                                 I
